,mean_fit_time,std_fit_time,mean_score_time,std_score_time,param_max_features,param_n_estimators,param_bootstrap,params,split0_test_score,split1_test_score,split2_test_score,split3_test_score,split4_test_score,mean_test_score,std_test_score,rank_test_score
0,0.05270628929138184,0.006139910403193555,0.003394603729248047,0.006137333284024227,2,3,,"{'max_features': 2, 'n_estimators': 3}",-4131659789.002422,-4265271243.6376696,-3861145937.5779324,-3619327011.3190656,-4157580437.6670365,-4006996883.840825,235152001.95684034,18
1,0.17231512069702148,0.01059522741728213,0.006250858306884766,0.007655706659092607,2,10,,"{'max_features': 2, 'n_estimators': 10}",-3104388603.0473814,-2889336261.5330005,-2970693667.8822045,-2901028333.6274867,-3156398567.4681554,-3004369086.7116456,107854311.56615725,11
2,0.5138224124908447,0.017071194643867204,0.028133678436279296,0.006249811580780468,2,30,,"{'max_features': 2, 'n_estimators': 30}",-2815191674.34432,-2618086868.51,-2630057803.824049,-2575322111.6658297,-2869377515.7470627,-2701607194.8182526,117551007.70206632,9
3,0.08437180519104004,0.00765590227197466,0.0031258106231689454,0.006251621246337891,4,3,,"{'max_features': 4, 'n_estimators': 3}",-3744562763.205403,-3440342951.1099677,-3445428834.155125,-3287579425.322263,-3818323984.060301,-3547247591.5706115,200817780.8855205,16
4,0.2690137386322021,0.0061256433115275,0.012505054473876953,0.006252530241602784,4,10,,"{'max_features': 4, 'n_estimators': 10}",-2766670162.8865457,-2489649574.776673,-2701866633.751211,-2586247712.95768,-2687501473.3475895,-2646387111.54394,97385608.03870748,6
5,0.8754506587982178,0.032440409776825184,0.02537851333618164,0.005948244135857087,4,30,,"{'max_features': 4, 'n_estimators': 30}",-2552814335.9460497,-2399449162.3984714,-2501165225.4618487,-2375868281.841946,-2571624436.360838,-2480184288.4018307,79343070.24603632,3
6,0.1407932758331299,0.009592887518029721,0.0031995773315429688,0.003918665999957081,6,3,,"{'max_features': 6, 'n_estimators': 3}",-3583488305.553773,-3384872375.318633,-3377439466.393062,-3192258251.0229487,-3257190986.8221283,-3359049877.022109,133844885.32139324,14
7,0.48387608528137205,0.032434950953457296,0.012729215621948241,0.003726389678172722,6,10,,"{'max_features': 6, 'n_estimators': 10}",-2792654685.718247,-2591369401.566945,-2544471258.2203274,-2599141011.29096,-2690657594.856099,-2643658790.330516,88275527.552338,5
8,1.2112311840057373,0.10372264056559025,0.029298162460327147,0.009283320421440394,6,30,,"{'max_features': 6, 'n_estimators': 30}",-2533824934.7426414,-2410152636.4840655,-2468700931.553664,-2345155980.7024207,-2502300801.3233414,-2452027056.9612265,67336846.23839828,2
9,0.15348448753356933,0.0032787135501201195,0.0032085418701171876,0.003929663255592456,8,3,,"{'max_features': 8, 'n_estimators': 3}",-3333692427.2942443,-3232826003.790662,-3295474448.787906,-3159828366.409549,-3668854674.6739683,-3338135184.191266,175555348.85797647,13
10,0.6142710685729981,0.05242529708795093,0.011450576782226562,0.0036209067129585196,8,10,,"{'max_features': 8, 'n_estimators': 10}",-2738457487.17455,-2546658496.495586,-2654641834.021602,-2566934763.251057,-2779396068.6823196,-2657217729.925023,91551557.08901653,7
11,1.4529759883880615,0.028294709487086574,0.025156164169311525,0.007778614192094963,8,30,,"{'max_features': 8, 'n_estimators': 30}",-2513066470.33318,-2355487262.68741,-2457693637.695275,-2332750026.8080325,-2519626655.894504,-2435724810.6836805,78161053.63936135,1
12,0.08124737739562989,0.006248331223691946,0.006251811981201172,0.007656874714332278,2,3,False,"{'bootstrap': False, 'max_features': 2, 'n_estimators': 3}",-3690660727.6908536,-3934222631.2423053,-3932472186.289454,-3593533707.294064,-3967819956.775624,-3823741841.8584604,151982343.70396724,17
13,0.2593669414520264,0.0076671995634132045,0.006251811981201172,0.007656874911806441,2,10,False,"{'bootstrap': False, 'max_features': 2, 'n_estimators': 10}",-2886555749.613218,-2790143884.16294,-2847930445.7416534,-2728776409.0683856,-2995288382.4186187,-2849738974.200963,90251751.09608391,10
14,0.09999561309814453,0.0076597950185987,0.009379053115844726,0.007657965107740303,3,3,False,"{'bootstrap': False, 'max_features': 3, 'n_estimators': 3}",-3452899838.189592,-3680325159.305917,-3484574261.837708,-3428196303.0285683,-3645693245.141362,-3538337761.5006294,103929701.7346947,15
15,0.35938177108764646,0.009881533055154077,0.003124237060546875,0.00624847412109375,3,10,False,"{'bootstrap': False, 'max_features': 3, 'n_estimators': 10}",-2832746572.926797,-2631322479.141653,-2638848703.709794,-2543606144.3125377,-2858217381.915591,-2700948256.4012747,122934956.47620536,8
16,0.12499656677246093,4.688063509418661e-06,0.006252479553222656,0.007657692339036094,4,3,False,"{'bootstrap': False, 'max_features': 4, 'n_estimators': 3}",-3470088835.1729736,-3375491662.9476233,-3030896370.7640147,-2990594640.2394843,-3385135590.5015817,-3250441419.9251356,198869528.79537806,12
17,0.4316581726074219,0.008035094664373126,0.01251068115234375,0.006255378115208457,4,10,False,"{'bootstrap': False, 'max_features': 4, 'n_estimators': 10}",-2700731773.7197576,-2602379863.2627764,-2613446688.5781226,-2427677716.159131,-2664912783.983041,-2601829765.1405654,94048143.25632243,4
